2120000;
2130000;
2160000;
2530000;
2540000;
2550000;
2560000;
2570000;
2570500;
2570600;
2570700;
2570800;
2570900;
2571000;
2571100;
2590000;
3520000;
3550000;
3560000;
4090000;
4120000;
4130000;
4130500;
4130600;
4130700;
4130800;
4130900;
4131000;
4500000;
4600000;
4700000;
5070000;
5750000;
6250000;
6260000;
6450000;
6450500;
6450600;
6450700;
6450800;
6450900;
6451000;
6451100;
6460000;
6470000;
6650000;
6650500;
6650600;
6650700;
6650800;
6650900;
6651000;
6651100;
6660000;
6670000;
6750000;
6750500;
6750600;
6750700;
6750800;
6750900;
6751000;
6751100;
6760000;
6770000;
7090000;
7090500;
7090600;
7090700;
7090800;
7090900;
7091000;
7091100;
7130000;
7160000;
8090000;
8090500;
8090600;
8090700;
8090800;
8090900;
8091000;
8091100;
9090000;
9100000;
9110000;
10180000;
10500000;
10600000;
11400000;
11750000;
12220000;
12300000;
12400000;
14200000;
14200500;
14200600;
14200700;
14200800;
14200900;
14201000;
15150000;
15150500;
15150600;
15150700;
15150800;
15150900;
15151000;
16200000;
16300000;
17040000;
18170000;
18180000;
19500000;
21800000;
21900000;
22500000;
23500000;
23510000;
41080000;
43090000;
43100000;
63500000;