19000;Chapter 1
19001;
19002;
19003;
19004;
19005;
19006;
19007;
19008;
19009;
19010;Chapter 2
19011;
19012;
19013;
19014;
19015;
19016;
19017;
19018;
19019;
19020;Chapter 3
19021;
19022;
19023;
19024;
19025;
19026;
19027;
19028;
19029;
19030;Chapter 4
19031;
19032;
19033;
19034;
19035;
19036;
19037;
19038;
19039;
19040;Chapter 5
19041;
19042;
19043;
19044;
19045;
19046;
19047;
19048;
19049;
19050;Chapter 6
19051;
19052;
19053;
19054;
19055;
19056;
19057;
19058;
19059;
19060;Chapter 7
19061;
19062;
19063;
19064;
19065;
19066;
19067;
19068;
19069;
19070;Chapter 8
19071;
19072;
19073;
19074;
19075;
19076;
19077;
19078;
19079;
19080;Chapter 9
19081;
19082;
19083;
19084;
19085;
19086;
19087;
19088;
19089;
19090;Chapter 10
19091;
19092;
19093;
19094;
19095;
19096;
19097;
19098;
19099;
19100;Chapter 1
19101;
19102;
19103;
19104;
19105;
19106;
19107;
19108;
19109;
19110;Chapter 2
19111;
19112;
19113;
19114;
19115;
19116;
19117;
19118;
19119;
19120;Chapter 3
19121;
19122;
19123;
19124;
19125;
19126;
19127;
19128;
19129;
19130;Chapter 4
19131;
19132;
19133;
19134;
19135;
19136;
19137;
19138;
19139;
19140;Chapter 5
19141;
19142;
19143;
19144;
19145;
19146;
19147;
19148;
19149;
19150;Chapter 6
19151;
19152;
19153;
19154;
19155;
19156;
19157;
19158;
19159;
19160;Chapter 7
19161;
19162;
19163;
19164;
19165;
19166;
19167;
19168;
19169;
19170;Chapter 8
19171;
19172;
19173;
19174;
19175;
19176;
19177;
19178;
19179;
19180;Chapter 9
19181;
19182;
19183;
19184;
19185;
19186;
19187;
19188;
19189;
19190;Chapter 10