11000;Chapter 1
11001;
11002;
11003;
11004;
11005;
11006;
11007;
11008;
11009;
11010;Chapter 2
11011;
11012;
11013;
11014;
11015;
11016;
11017;
11018;
11019;
11020;Chapter 3
11021;
11022;
11023;
11024;
11025;
11026;
11027;
11028;
11029;
11030;Chapter 4
11031;
11032;
11033;
11034;
11035;
11036;
11037;
11038;
11039;
11040;Chapter 5
11041;
11042;
11043;
11044;
11045;
11046;
11047;
11048;
11049;
11050;Chapter 6
11051;
11052;
11053;
11054;
11055;
11056;
11057;
11058;
11059;
11060;Chapter 7
11061;
11062;
11063;
11064;
11065;
11066;
11067;
11068;
11069;
11070;Chapter 8
11071;
11072;
11073;
11074;
11075;
11076;
11077;
11078;
11079;
11080;Chapter 9
12000;Chapter 1
12001;
12002;
12003;
12004;
12005;
12006;
12007;
12008;
12009;
12010;Chapter 2
12011;
12012;
12013;
12014;
12015;
12016;
12017;
12018;
12019;
12020;Chapter 3
12021;
12022;
12023;
12024;
12025;
12026;
12027;
12028;
12029;
12030;Chapter 4
12031;
12032;
12033;
12034;
12035;
12036;
12037;
12038;
12039;
12040;Chapter 5
12041;
12042;
12043;
12044;
12045;
12046;
12047;
12048;
12049;
12050;Chapter 6
12051;
12052;
12053;
12054;
12055;
12056;
12057;
12058;
12059;
12060;Chapter 7
12061;
12062;
12063;
12064;
12065;
12066;
12067;
12068;
12069;
12070;Chapter 8
12071;
12072;
12073;
12074;
12075;
12076;
12077;
12078;
12079;
12080;Chapter 9
13000;Chapter 1
13001;
13002;
13003;
13004;
13005;
13006;
13007;
13008;
13009;
13010;Chapter 2
13011;
13012;
13013;
13014;
13015;
13016;
13017;
13018;
13019;
13020;Chapter 3
13021;
13022;
13023;
13024;
13025;
13026;
13027;
13028;
13029;
13030;Chapter 4
13031;
13032;
13033;
13034;
13035;
13036;
13037;
13038;
13039;
13040;Chapter 5
13041;
13042;
13043;
13044;
13045;
13046;
13047;
13048;
13049;
13050;Chapter 6
13051;
13052;
13053;
13054;
13055;
13056;
13057;
13058;
13059;
13060;Chapter 7
13061;
13062;
13063;
13064;
13065;
13066;
13067;
13068;
13069;
13070;Chapter 8
14000;Chapter 1
14001;
14002;
14003;
14004;
14005;
14006;
14007;
14008;
14009;
14010;Chapter 2
14011;
14012;
14013;
14014;
14015;
14016;
14017;
14018;
14019;
14020;Chapter 3
14021;
14022;
14023;
14024;
14025;
14026;
14027;
14028;
14029;
14030;Chapter 4
14031;
14032;
14033;
14034;
14035;
14036;
14037;
14038;
14039;
14040;Chapter 5
14041;
14042;
14043;
14044;
14045;
14046;
14047;
14048;
14049;
14050;Chapter 6
14051;
14052;
14053;
14054;
14055;
14056;
14057;
14058;
14059;
14060;Chapter 7
15000;Chapter 1
15001;
15002;
15003;
15004;
15005;
15006;
15007;
15008;
15009;
15010;Chapter 2
15011;
15012;
15013;
15014;
15015;
15016;
15017;
15018;
15019;
15020;Chapter 3
15021;
15022;
15023;
15024;
15025;
15026;
15027;
15028;
15029;
15030;Chapter 4
15031;
15032;
15033;
15034;
15035;
15036;
15037;
15038;
15039;
15040;Chapter 5
15041;
15042;
15043;
15044;
15045;
15046;
15047;
15048;
15049;
15050;Chapter 6
15051;
15052;
15053;
15054;
15055;
15056;
15057;
15058;
15059;
15060;Chapter 7
15061;
15062;
15063;
15064;
15065;
15066;
15067;
15068;
15069;
15070;Chapter 8
16000;Chapter 1
16001;
16002;
16003;
16004;
16005;
16006;
16007;
16008;
16009;
16010;Chapter 2
16011;
16012;
16013;
16014;
16015;
16016;
16017;
16018;
16019;
16020;Chapter 3
16021;
16022;
16023;
16024;
16025;
16026;
16027;
16028;
16029;
16030;Chapter 4
16031;
16032;
16033;
16034;
16035;
16036;
16037;
16038;
16039;
16040;Chapter 5
16041;
16042;
16043;
16044;
16045;
16046;
16047;
16048;
16049;
16050;Chapter 6
16051;
16052;
16053;
16054;
16055;
16056;
16057;
16058;
16059;
16060;Chapter 7
17000;Chapter 1
17001;
17002;
17003;
17004;
17005;
17006;
17007;
17008;
17009;
17010;Chapter 2
17011;
17012;
17013;
17014;
17015;
17016;
17017;
17018;
17019;
17020;Chapter 3
17021;
17022;
17023;
17024;
17025;
17026;
17027;
17028;
17029;
17030;Chapter 4
17031;
17032;
17033;
17034;
17035;
17036;
17037;
17038;
17039;
17040;Chapter 5
17041;
17042;
17043;
17044;
17045;
17046;
17047;
17048;
17049;
17050;Chapter 6
17051;
17052;
17053;
17054;
17055;
17056;
17057;
17058;
17059;
17060;Chapter 7
17061;
17062;
17063;
17064;
17065;
17066;
17067;
17068;
17069;
17070;Chapter 8
17071;
17072;
17073;
17074;
17075;
17076;
17077;
17078;
17079;
17080;Chapter 9
17081;
17082;
17083;
17084;
17085;
17086;
17087;
17088;
17089;
17090;Chapter 10
18000;Chapter 1
18001;
18002;
18003;
18004;
18005;
18006;
18007;
18008;
18009;
18010;Chapter 2
18011;
18012;
18013;
18014;
18015;
18016;
18017;
18018;
18019;
18020;Chapter 3
18021;
18022;
18023;
18024;
18025;
18026;
18027;
18028;
18029;
18030;Chapter 4
18031;
18032;
18033;
18034;
18035;
18036;
18037;
18038;
18039;
18040;Chapter 5
18041;
18042;
18043;
18044;
18045;
18046;
18047;
18048;
18049;
18050;Chapter 6
18051;
18052;
18053;
18054;
18055;
18056;
18057;
18058;
18059;
18060;Chapter 7